/batch
/config,noeldb,1     ! force off writing results to database
*get,_wallstrt,active,,time,wall
! ANSYS input file written by Workbench version 2021 R2
/com,*********** Resuming The ANSYS db File from Modal Solution ***********
resume,file,db
/title,mechanical_linked--Harmonic Response (C5)
! ****** Begin Custom Load Command Snippet ******
/COM, ACT Extensions:
/COM,     LSDYNA, 2021.1
/COM,     5f463412-bd3e-484b-87e7-cbc0a665e474, wbex
/COM,
! ****** End   Custom Load Command Snippet ******
/nopr
/prep7
/com,*********** Defining Loadings ***********
/com,*********** Define Force Using Surface Effect Elements ***********
local,12,0,0.,0.,0.,0.,0.,0.
csys,0
et,2,154
eblock,10,,,144
(15i9)
     1729        2        2        2       12     2054     1922     1586     1585     7767     7108     7105     7106
     1730        2        2        2       12     2055     1933     1922     2054     7789     7766     7767     8018
     1731        2        2        2       12     2056     1944     1933     2055     7811     7788     7789     8020
     1732        2        2        2       12     2057     1955     1944     2056     7833     7810     7811     8022
     1733        2        2        2       12     2058     1966     1955     2057     7855     7832     7833     8024
     1734        2        2        2       12     2059     1977     1966     2058     7877     7854     7855     8026
     1735        2        2        2       12     2060     1988     1977     2059     7899     7876     7877     8028
     1736        2        2        2       12     2061     1999     1988     2060     7921     7898     7899     8030
     1737        2        2        2       12     2062     2010     1999     2061     7943     7920     7921     8032
     1738        2        2        2       12     2063     2021     2010     2062     7965     7942     7943     8034
     1739        2        2        2       12     2064     2032     2021     2063     7987     7964     7965     8036
     1740        2        2        2       12     2065     2053     2032     2064     8017     7986     7987     8038
     1741        2        2        2       12     1922     1923     1587     1586     7765     7110     7107     7108
     1742        2        2        2       12     1933     1934     1923     1922     7787     7769     7765     7766
     1743        2        2        2       12     1944     1945     1934     1933     7809     7791     7787     7788
     1744        2        2        2       12     1955     1956     1945     1944     7831     7813     7809     7810
     1745        2        2        2       12     1966     1967     1956     1955     7853     7835     7831     7832
     1746        2        2        2       12     1977     1978     1967     1966     7875     7857     7853     7854
     1747        2        2        2       12     1988     1989     1978     1977     7897     7879     7875     7876
     1748        2        2        2       12     1999     2000     1989     1988     7919     7901     7897     7898
     1749        2        2        2       12     2010     2011     2000     1999     7941     7923     7919     7920
     1750        2        2        2       12     2021     2022     2011     2010     7963     7945     7941     7942
     1751        2        2        2       12     2032     2033     2022     2021     7985     7967     7963     7964
     1752        2        2        2       12     2053     2052     2033     2032     8016     7989     7985     7986
     1753        2        2        2       12     1923     1924     1588     1587     7768     7112     7109     7110
     1754        2        2        2       12     1934     1935     1924     1923     7790     7771     7768     7769
     1755        2        2        2       12     1945     1946     1935     1934     7812     7793     7790     7791
     1756        2        2        2       12     1956     1957     1946     1945     7834     7815     7812     7813
     1757        2        2        2       12     1967     1968     1957     1956     7856     7837     7834     7835
     1758        2        2        2       12     1978     1979     1968     1967     7878     7859     7856     7857
     1759        2        2        2       12     1989     1990     1979     1978     7900     7881     7878     7879
     1760        2        2        2       12     2000     2001     1990     1989     7922     7903     7900     7901
     1761        2        2        2       12     2011     2012     2001     2000     7944     7925     7922     7923
     1762        2        2        2       12     2022     2023     2012     2011     7966     7947     7944     7945
     1763        2        2        2       12     2033     2034     2023     2022     7988     7969     7966     7967
     1764        2        2        2       12     2052     2051     2034     2033     8015     7991     7988     7989
     1765        2        2        2       12     1924     1925     1589     1588     7770     7114     7111     7112
     1766        2        2        2       12     1935     1936     1925     1924     7792     7773     7770     7771
     1767        2        2        2       12     1946     1947     1936     1935     7814     7795     7792     7793
     1768        2        2        2       12     1957     1958     1947     1946     7836     7817     7814     7815
     1769        2        2        2       12     1968     1969     1958     1957     7858     7839     7836     7837
     1770        2        2        2       12     1979     1980     1969     1968     7880     7861     7858     7859
     1771        2        2        2       12     1990     1991     1980     1979     7902     7883     7880     7881
     1772        2        2        2       12     2001     2002     1991     1990     7924     7905     7902     7903
     1773        2        2        2       12     2012     2013     2002     2001     7946     7927     7924     7925
     1774        2        2        2       12     2023     2024     2013     2012     7968     7949     7946     7947
     1775        2        2        2       12     2034     2035     2024     2023     7990     7971     7968     7969
     1776        2        2        2       12     2051     2050     2035     2034     8014     7993     7990     7991
     1777        2        2        2       12     1925     1926     1590     1589     7772     7116     7113     7114
     1778        2        2        2       12     1936     1937     1926     1925     7794     7775     7772     7773
     1779        2        2        2       12     1947     1948     1937     1936     7816     7797     7794     7795
     1780        2        2        2       12     1958     1959     1948     1947     7838     7819     7816     7817
     1781        2        2        2       12     1969     1970     1959     1958     7860     7841     7838     7839
     1782        2        2        2       12     1980     1981     1970     1969     7882     7863     7860     7861
     1783        2        2        2       12     1991     1992     1981     1980     7904     7885     7882     7883
     1784        2        2        2       12     2002     2003     1992     1991     7926     7907     7904     7905
     1785        2        2        2       12     2013     2014     2003     2002     7948     7929     7926     7927
     1786        2        2        2       12     2024     2025     2014     2013     7970     7951     7948     7949
     1787        2        2        2       12     2035     2036     2025     2024     7992     7973     7970     7971
     1788        2        2        2       12     2050     2049     2036     2035     8013     7995     7992     7993
     1789        2        2        2       12     1926     1927     1591     1590     7774     7118     7115     7116
     1790        2        2        2       12     1937     1938     1927     1926     7796     7777     7774     7775
     1791        2        2        2       12     1948     1949     1938     1937     7818     7799     7796     7797
     1792        2        2        2       12     1959     1960     1949     1948     7840     7821     7818     7819
     1793        2        2        2       12     1970     1971     1960     1959     7862     7843     7840     7841
     1794        2        2        2       12     1981     1982     1971     1970     7884     7865     7862     7863
     1795        2        2        2       12     1992     1993     1982     1981     7906     7887     7884     7885
     1796        2        2        2       12     2003     2004     1993     1992     7928     7909     7906     7907
     1797        2        2        2       12     2014     2015     2004     2003     7950     7931     7928     7929
     1798        2        2        2       12     2025     2026     2015     2014     7972     7953     7950     7951
     1799        2        2        2       12     2036     2037     2026     2025     7994     7975     7972     7973
     1800        2        2        2       12     2049     2048     2037     2036     8012     7997     7994     7995
     1801        2        2        2       12     1927     1928     1592     1591     7776     7120     7117     7118
     1802        2        2        2       12     1938     1939     1928     1927     7798     7779     7776     7777
     1803        2        2        2       12     1949     1950     1939     1938     7820     7801     7798     7799
     1804        2        2        2       12     1960     1961     1950     1949     7842     7823     7820     7821
     1805        2        2        2       12     1971     1972     1961     1960     7864     7845     7842     7843
     1806        2        2        2       12     1982     1983     1972     1971     7886     7867     7864     7865
     1807        2        2        2       12     1993     1994     1983     1982     7908     7889     7886     7887
     1808        2        2        2       12     2004     2005     1994     1993     7930     7911     7908     7909
     1809        2        2        2       12     2015     2016     2005     2004     7952     7933     7930     7931
     1810        2        2        2       12     2026     2027     2016     2015     7974     7955     7952     7953
     1811        2        2        2       12     2037     2038     2027     2026     7996     7977     7974     7975
     1812        2        2        2       12     2048     2047     2038     2037     8011     7999     7996     7997
     1813        2        2        2       12     1928     1929     1593     1592     7778     7122     7119     7120
     1814        2        2        2       12     1939     1940     1929     1928     7800     7781     7778     7779
     1815        2        2        2       12     1950     1951     1940     1939     7822     7803     7800     7801
     1816        2        2        2       12     1961     1962     1951     1950     7844     7825     7822     7823
     1817        2        2        2       12     1972     1973     1962     1961     7866     7847     7844     7845
     1818        2        2        2       12     1983     1984     1973     1972     7888     7869     7866     7867
     1819        2        2        2       12     1994     1995     1984     1983     7910     7891     7888     7889
     1820        2        2        2       12     2005     2006     1995     1994     7932     7913     7910     7911
     1821        2        2        2       12     2016     2017     2006     2005     7954     7935     7932     7933
     1822        2        2        2       12     2027     2028     2017     2016     7976     7957     7954     7955
     1823        2        2        2       12     2038     2039     2028     2027     7998     7979     7976     7977
     1824        2        2        2       12     2047     2046     2039     2038     8010     8001     7998     7999
     1825        2        2        2       12     1929     1930     1594     1593     7780     7124     7121     7122
     1826        2        2        2       12     1940     1941     1930     1929     7802     7783     7780     7781
     1827        2        2        2       12     1951     1952     1941     1940     7824     7805     7802     7803
     1828        2        2        2       12     1962     1963     1952     1951     7846     7827     7824     7825
     1829        2        2        2       12     1973     1974     1963     1962     7868     7849     7846     7847
     1830        2        2        2       12     1984     1985     1974     1973     7890     7871     7868     7869
     1831        2        2        2       12     1995     1996     1985     1984     7912     7893     7890     7891
     1832        2        2        2       12     2006     2007     1996     1995     7934     7915     7912     7913
     1833        2        2        2       12     2017     2018     2007     2006     7956     7937     7934     7935
     1834        2        2        2       12     2028     2029     2018     2017     7978     7959     7956     7957
     1835        2        2        2       12     2039     2040     2029     2028     8000     7981     7978     7979
     1836        2        2        2       12     2046     2045     2040     2039     8009     8003     8000     8001
     1837        2        2        2       12     1930     1931     1595     1594     7782     7126     7123     7124
     1838        2        2        2       12     1941     1942     1931     1930     7804     7785     7782     7783
     1839        2        2        2       12     1952     1953     1942     1941     7826     7807     7804     7805
     1840        2        2        2       12     1963     1964     1953     1952     7848     7829     7826     7827
     1841        2        2        2       12     1974     1975     1964     1963     7870     7851     7848     7849
     1842        2        2        2       12     1985     1986     1975     1974     7892     7873     7870     7871
     1843        2        2        2       12     1996     1997     1986     1985     7914     7895     7892     7893
     1844        2        2        2       12     2007     2008     1997     1996     7936     7917     7914     7915
     1845        2        2        2       12     2018     2019     2008     2007     7958     7939     7936     7937
     1846        2        2        2       12     2029     2030     2019     2018     7980     7961     7958     7959
     1847        2        2        2       12     2040     2041     2030     2029     8002     7983     7980     7981
     1848        2        2        2       12     2045     2044     2041     2040     8008     8005     8002     8003
     1849        2        2        2       12     1931     1932     1596     1595     7784     7128     7125     7126
     1850        2        2        2       12     1942     1943     1932     1931     7806     7786     7784     7785
     1851        2        2        2       12     1953     1954     1943     1942     7828     7808     7806     7807
     1852        2        2        2       12     1964     1965     1954     1953     7850     7830     7828     7829
     1853        2        2        2       12     1975     1976     1965     1964     7872     7852     7850     7851
     1854        2        2        2       12     1986     1987     1976     1975     7894     7874     7872     7873
     1855        2        2        2       12     1997     1998     1987     1986     7916     7896     7894     7895
     1856        2        2        2       12     2008     2009     1998     1997     7938     7918     7916     7917
     1857        2        2        2       12     2019     2020     2009     2008     7960     7940     7938     7939
     1858        2        2        2       12     2030     2031     2020     2019     7982     7962     7960     7961
     1859        2        2        2       12     2041     2042     2031     2030     8004     7984     7982     7983
     1860        2        2        2       12     2044     2043     2042     2041     8007     8006     8004     8005
     1861        2        2        2       12     1932     1910     1597     1596     7743     7130     7127     7128
     1862        2        2        2       12     1943     1911     1910     1932     7745     7742     7743     7786
     1863        2        2        2       12     1954     1912     1911     1943     7747     7744     7745     7808
     1864        2        2        2       12     1965     1913     1912     1954     7749     7746     7747     7830
     1865        2        2        2       12     1976     1914     1913     1965     7751     7748     7749     7852
     1866        2        2        2       12     1987     1915     1914     1976     7753     7750     7751     7874
     1867        2        2        2       12     1998     1916     1915     1987     7755     7752     7753     7896
     1868        2        2        2       12     2009     1917     1916     1998     7757     7754     7755     7918
     1869        2        2        2       12     2020     1918     1917     2009     7759     7756     7757     7940
     1870        2        2        2       12     2031     1919     1918     2020     7761     7758     7759     7962
     1871        2        2        2       12     2042     1920     1919     2031     7763     7760     7761     7984
     1872        2        2        2       12     2043     1921     1920     2042     7764     7762     7763     8006
-1
esel,s,type,,2
keyop,2,2,1                ! Apply load in local coordinate system
keyop,2,7,1                ! Use original area so load is constant in large deformation
esel,all

*DIM,_loadvari47x,TABLE,1,1,1,TIME
! Time values
*TAXIS,_loadvari47x(1),1,1.
! Load values
_loadvari47x(1,1,1) = 4.98097349045911



*DIM,_loadvari47xi,TABLE,1,1,1,TIME
! Time values
*TAXIS,_loadvari47xi(1),1,1.
! Load values
_loadvari47xi(1,1,1) = 0.435778713738324



*DIM,_loadvari47y,TABLE,1,1,1,TIME
! Time values
*TAXIS,_loadvari47y(1),1,1.
! Load values
_loadvari47y(1,1,1) = 0.



*DIM,_loadvari47yi,TABLE,1,1,1,TIME
! Time values
*TAXIS,_loadvari47yi(1),1,1.
! Load values
_loadvari47yi(1,1,1) = 0.



*DIM,_loadvari47z,TABLE,1,1,1,TIME
! Time values
*TAXIS,_loadvari47z(1),1,1.
! Load values
_loadvari47z(1,1,1) = 0.



*DIM,_loadvari47zi,TABLE,1,1,1,TIME
! Time values
*TAXIS,_loadvari47zi(1),1,1.
! Load values
_loadvari47zi(1,1,1) = 0.


fini
/com,*********** Performing Modal Re-start ***********
/gopr
/solu
antype,modal,restart    ! restarting the modal analysis
modcontrol,on
thexpand,off     ! ignore thermal strains
mxpand,,,,yes,,yes     ! expand requested results and write them to file.mode
outres,erase
outres,all,none
outres,nsol,all
outres,eangl,all
outres,etmp,all
outres,veng,all
outres,strs,all
outres,epel,all
outres,rsol,all
outres,cont,all
fdele,all,all
sfdele,all,all
sfedele,all,all,all
acel,0,0,0                 ! zero out the acceleration
/com,*********** Setting and Solving Each Load Step ***********
esel,s,type,,2
nsle
sfe,all,1,pres,1,1
nsel,all
esel,all
solve
/com,**********************
fdele,all,all
sfdele,all,all
sfedele,all,all,all
acel,0,0,0                 ! zero out the acceleration
/com,*********** Setting and Solving Each Load Step ***********
esel,s,type,,2
nsle
sfe,all,1,pres,2,1
nsel,all
esel,all
solve
/com,**********************
/com *************** Write FE CONNECTORS ********* 
CEWRITE,file,ce,,INTE
fini
/com,*********** Performing MSUP Harmonic Solve ***********
/solu
antype,harm
hropt,msup
thexpand,off     ! ignore thermal strains
hrout,off
kbc,1
harfrq,0.000000,20.000000
nsub,10
fdele,all,all
sfdele,all,all
sfedele,all,all,all
acel,0,0,0                 ! zero out the acceleration
lvscale,0,1
/com,*********** Scaling Each Load Step for MSUP Solve ***********
lvscale,%_loadvari47x%,1
lvscale,%_loadvari47xi%,2
! *********** WB SOLVE COMMAND ***********
! check interactive state
*get,ANSINTER_,active,,int
*if,ANSINTER_,ne,0,then
/eof
*endif
solve

fini
*get,_wallasol,active,,time,wall
/nopr
*get,_numnode,node,0,count
*get,_numelem,elem,0,count
*get, _MAXELEMNUM, elem, 0, NUM, MAX
*get, _MAXNODENUM, node, 0, NUM, MAX,,,INTERNAL
*get, _MAXELEMTYPE, etyp, 0, NUM, MAX
*get, _MAXREALCONST, real, 0, NUM, MAX
/gopr
! ------- MSUP EXPANSION PASS -------
/solu
expass,on
hrexp,all
outres,erase
outres,all,none
outres,nsol,all
outres,eangl,all
outres,etmp,all
outres,veng,all
outres,strs,all
outres,epel,all
outres,rsol,all
outres,cont,all
numexp,all,,,yes        ! expand results at all freq. and calculate requested result items
! *********** WB SOLVE COMMAND ***********
! check interactive state
*get,ANSINTER_,active,,int
*if,ANSINTER_,ne,0,then
/eof
*endif
solve
fini
/post1
xmlo,ENCODING,ISO-8859-1
xmlo,parm
/xml,parm,xml
fini
/gopr
*get,_walldone,active,,time,wall
_preptime=(_wallbsol-_wallstrt)*3600
_solvtime=(_wallasol-_wallbsol)*3600
_posttime=(_walldone-_wallasol)*3600
_totaltim=(_walldone-_wallstrt)*3600
*get,_dlbratio,active,0,solu,dlbr
*get,_combtime,active,0,solu,comb
*get,_ssmode,active,0,solu,ssmm
*get,_ndofs,active,0,solu,ndof
/com,--- Total number of nodes = %_numnode%
/com,--- Total number of elements = %_numelem%
/com,--- Element load balance ratio = %_dlbratio%
/com,--- Time to combine distributed files = %_combtime%
/com,--- Sparse memory mode = %_ssmode%
/com,--- Number of DOF = %_ndofs%
/wb,file,end               ! done with WB generated input
